629 221 300 473 551
543 108 4 513 300
85 32 111 412 27
525 144 301 276 559
107 223 588 622 369
248 104 575 562 101
542 104 250 560 540
553 518 323 546 61
138 302 553 518 226
519 115 169 439 105
11 226 361 512 36
168 28 361 453 432
610 168 511 69 63
362 381 590 104 247
523 489 142 431 6
490 216 521 491 5
104 249 486 5 65
315 271 611 198 415
142 311 359 453 179
242 401 598 329 77
356 382 39 587 42
72 269 625 466 122
63 362 235 362 369
248 104 209 369 248
268 475 490 440 494
220 6 400 490 444
361 401 424 180 104
627 104 371 92 104
18 201 509 621 95
401 471 508 104 577
12 498 361 119 483
592 281 179 323 281
278 104 266 217 267
507 367 401 470 296
188 323 142 168 574
619 420 474 557 336
43 57 143 343 359
169 118 517 533 449
96 290 53 170 465
335 291 369 458 164
459 499 228 237 460
452 103 70 145 76
233 599 358 3 567
173 529 382 244 348
601 260 308 541 132
365 526 231 130 293
580 422 321 243 197
439 105 557 387 408
57 94 288 120 556
80 173 417 173 309
173 167 48 257 93
50 169 532 384 96
142 532 94 95 316
278 317 485 468 485
583 593 23 505 59
157 322 106 345 252
585 252 47 272 37
527 476 81 235 211
370 192 277 30 418
33 323 542 627 147
226 342 110 78 43
146 341 226 110 47
585 369 169 497 122
104 341 369 366 583
425 506 232 496 613
117 341 299 327 410
110 340 369 169 369
169 94 95 410 112
357 617 585 122 284
114 336 600 104 97
336 44 542 627 14
114 336 600 114 340
336 44 574 612 181
114 238 629 574 256
150 323 303 551 34
369 320 165 343 156
323 480 519 338 339
235 132 176 323 624
511 32 401 240 620
259 627 32 254 581
240 62 109 393 184
443 392 223 126 342
626 175 580 225 279
225 109 511 603 32
253 270 173 552 534
463 109 226 626 548
604 602 392 596 238
52 159 196 224 606
392 67 158 493 269
428 605 229 188 7
323 239 151 453 361
216 320 421 241 189
165 169 46 404 353
133 396 68 385 571
31 478 45 426 206
192 552 464 1 594
500 52 134 515 132
579 195 32 90 66
441 515 142 510 393
483 580 558 225 32
57 547 118 258 265
528 448 325 54 13
319 530 236 187 127
409 323 172 379 227
627 511 109 373 380
28 109 373 412 214
22 616 51 611 412
604 124 623 226 110
25 213 219 568 520
528 26 524 622 445
579 195 32 71 380
451 32 539 152 380
263 32 131 447 314
617 208 561 420 530
369 258 369 225 32
41 535 350 255 406
376 501 323 274 262
74 337 207 116 547
305 132 629 221 572
619 462 630 619 218
310 403 323 573 469
55 252 619 252 619
369 235 628 304 336
487 347 263 221 326
30 252 442 465 58
58 627 457 304 336
589 221 487 550 519
139 606 437 434 604
326 330 174 135 311
180 87 454 343 285
496 405 627 335 360
173 364 38 368 559
311 135 323 559 29
563 346 136 461 375
89 446 137 502 283
564 185 266 344 61
91 323 50 18 202
200 423 212 183 206
479 548 203 1 204
139 318 573 283 446
35 155 57 40 569
549 337 629 35 20
372 436 438 230 263
2 626 17 153 86
465 364 99 492 578
397 192 397 161 562
18 87 582 86 286
491 199 330 334 544
553 498 361 160 9
275 10 391 608 160
102 419 155 349 576
540 306 552 379 627
540 340 361 349 344
530 536 612 178 416
208 349 472 245 331
154 135 313 194 64
607 522 186 165 554
555 516 292 431 377
397 84 578 482 611
436 562 595 84 586
354 161 511 128 49
580 435 340 398 86
129 531 531 222 551
101 205 139 277 299
101 363 141 261 331
555 472 66 363 88
544 139 591 430 289
113 465 155 193 407
264 163 155 436 628
139 149 488 190 491
49 140 327 497 57
294 324 324 89 16
100 388 344 378 455
378 180 563 333 612
251 51 388 98 1
503 166 433 572 630
557 328 163 537 332
173 182 323 570 162
608 332 450 390 407
549 320 383 390 389
171 395 287 597 283
121 230 263 293 625
181 20 573 51 191
182 481 606 381 436
22 427 83 609 177
82 608 60 241 125
215 373 514 73 209
267 351 402 75 323
271 413 566 551 312
410 112 148 429 343
584 477 414 79 504
326 246 399 340 627
246 78 19 282 394
374 565 252 295 514
271 538 431 467 298
609 177 82 463 299
122 431 220 297 355
15 43 123 296 220
297 411 176 364 120
456 307 357 221 484
273 8 56 618 280
234 296 210 352 495
386 280 234 21 615
368 247 53 24 614
280 234 545 365
